1	0	13	1	3.059909	EXP
1	0	486	2	2.9287643	EXP
1	0	184	3	2.2000015	EXP
1	0	1268	4	1.7258536	EXP
1	0	12	5	1.4261793	EXP
1	0	51	6	1.3849739	EXP
1	0	685	7	1.3273678	EXP
1	0	746	8	1.3266773	EXP
1	0	875	9	1.2771382	EXP
1	0	1144	10	1.2440292	EXP
2	0	12	1	2.5782495	EXP
2	0	746	2	1.9114077	EXP
2	0	51	3	1.6260314	EXP
2	0	712	4	1.4130309	EXP
2	0	792	5	1.3621713	EXP
2	0	184	6	1.3224052	EXP
2	0	781	7	1.3186826	EXP
2	0	14	8	1.207077	EXP
2	0	875	9	1.16337	EXP
2	0	724	10	1.0971923	EXP
3	0	144	1	2.994491	EXP
3	0	399	2	2.9455023	EXP
3	0	5	3	2.1312003	EXP
3	0	542	4	1.7828529	EXP
3	0	181	5	1.5593233	EXP
3	0	485	6	1.5139269	EXP
3	0	582	7	1.4437423	EXP
3	0	90	8	1.2891359	EXP
3	0	91	9	1.2087933	EXP
3	0	803	10	1.1333617	EXP
4	0	166	1	5.0892315	EXP
4	0	488	2	3.6089344	EXP
4	0	1061	3	2.7137954	EXP
4	0	1189	4	1.8457876	EXP
4	0	236	5	1.6749725	EXP
4	0	1241	6	1.6106709	EXP
4	0	263	7	1.6051694	EXP
4	0	1252	8	1.5913119	EXP
4	0	1275	9	1.5799601	EXP
4	0	410	10	1.4493312	EXP
5	0	103	1	1.7675545	EXP
5	0	1296	2	1.4043965	EXP
5	0	234	3	1.2735424	EXP
5	0	943	4	1.0709212	EXP
5	0	746	5	0.94009125	EXP
5	0	552	6	0.9316015	EXP
5	0	410	7	0.9288991	EXP
5	0	1032	8	0.92288375	EXP
5	0	1061	9	0.91442144	EXP
5	0	625	10	0.87469584	EXP
6	0	491	1	1.6804793	EXP
6	0	386	2	1.3976277	EXP
6	0	1273	3	1.2713826	EXP
6	0	385	4	1.2559793	EXP
6	0	767	5	0.9001041	EXP
6	0	257	6	0.8891399	EXP
6	0	406	7	0.8718733	EXP
6	0	640	8	0.79617965	EXP
6	0	865	9	0.7722938	EXP
6	0	1282	10	0.7625727	EXP
7	0	492	1	7.5677757	EXP
7	0	973	2	3.5911953	EXP
7	0	56	3	3.3016443	EXP
7	0	57	4	3.2658339	EXP
7	0	434	5	3.0993977	EXP
7	0	1040	6	2.8474486	EXP
7	0	1381	7	2.77146	EXP
7	0	759	8	2.5730004	EXP
7	0	124	9	2.1757529	EXP
7	0	122	10	2.0367548	EXP
8	0	1082	1	3.4384313	EXP
8	0	711	2	2.9291632	EXP
8	0	556	3	1.8278168	EXP
8	0	569	4	1.8228905	EXP
8	0	232	5	1.7910986	EXP
8	0	443	6	1.6829798	EXP
8	0	461	7	1.6364067	EXP
8	0	476	8	1.5058218	EXP
8	0	122	9	1.3542424	EXP
8	0	1083	10	1.3347638	EXP
9	0	550	1	1.2460513	EXP
9	0	306	2	1.1537476	EXP
9	0	22	3	1.1209104	EXP
9	0	21	4	1.0841882	EXP
9	0	846	5	1.0825601	EXP
9	0	45	6	1.0755517	EXP
9	0	270	7	1.0544078	EXP
9	0	1215	8	1.0343448	EXP
9	0	571	9	0.9988197	EXP
9	0	528	10	0.97054005	EXP
10	0	493	1	2.9175267	EXP
10	0	1214	2	2.1166134	EXP
10	0	691	3	1.9573328	EXP
10	0	302	4	1.8365685	EXP
10	0	949	5	1.6567192	EXP
10	0	621	6	1.5388746	EXP
10	0	1199	7	1.4346459	EXP
10	0	1103	8	1.3117568	EXP
10	0	649	9	1.2976012	EXP
10	0	1286	10	1.2271147	EXP
11	0	495	1	2.99051	EXP
11	0	654	2	1.6664323	EXP
11	0	262	3	1.559367	EXP
11	0	1327	4	1.4665923	EXP
11	0	1238	5	1.3576812	EXP
11	0	304	6	1.3277849	EXP
11	0	341	7	1.2810597	EXP
11	0	28	8	1.2136033	EXP
11	0	1252	9	1.1965306	EXP
11	0	147	10	1.1909181	EXP
12	0	624	1	3.8575838	EXP
12	0	649	2	1.5431705	EXP
12	0	987	3	1.5325369	EXP
12	0	966	4	1.2977071	EXP
12	0	34	5	1.2925665	EXP
12	0	1222	6	1.173301	EXP
12	0	1232	7	1.1264348	EXP
12	0	543	8	1.0257379	EXP
12	0	1164	9	0.9962001	EXP
12	0	939	10	0.99144673	EXP
13	0	496	1	3.9143922	EXP
13	0	199	2	1.6477268	EXP
13	0	643	3	1.4735954	EXP
13	0	903	4	1.4020761	EXP
13	0	313	5	1.3101431	EXP
13	0	1242	6	1.3091915	EXP
13	0	520	7	1.2343841	EXP
13	0	1268	8	0.9028273	EXP
13	0	660	9	0.7867376	EXP
13	0	797	10	0.72173077	EXP
14	0	64	1	1.5387719	EXP
14	0	132	2	1.5014607	EXP
14	0	170	3	1.1028147	EXP
14	0	798	4	1.0095196	EXP
14	0	739	5	0.9276858	EXP
14	0	137	6	0.9064965	EXP
14	0	256	7	0.8611336	EXP
14	0	46	8	0.860584	EXP
14	0	388	9	0.85144866	EXP
14	0	1364	10	0.77340704	EXP
15	0	462	1	1.8692411	EXP
15	0	82	2	1.6105983	EXP
15	0	553	3	1.4770306	EXP
15	0	1098	4	1.4217072	EXP
15	0	1096	5	1.3393692	EXP
15	0	1097	6	1.0508476	EXP
15	0	463	7	1.0343575	EXP
15	0	1117	8	0.73786557	EXP
15	0	1025	9	0.7223876	EXP
15	0	761	10	0.70703244	EXP
16	0	498	1	2.6962495	EXP
16	0	106	2	1.7545524	EXP
16	0	1113	3	1.7535237	EXP
16	0	869	4	1.4375861	EXP
16	0	111	5	1.3677909	EXP
16	0	945	6	1.2641057	EXP
16	0	93	7	1.1857597	EXP
16	0	1280	8	1.108265	EXP
16	0	927	9	1.0639634	EXP
16	0	1286	10	1.0476469	EXP
17	0	106	1	1.7545524	EXP
17	0	1281	2	1.6801013	EXP
17	0	498	3	1.4896338	EXP
17	0	1108	4	1.4140916	EXP
17	0	700	5	1.3116672	EXP
17	0	987	6	1.2503527	EXP
17	0	609	7	1.222465	EXP
17	0	1301	8	1.1484807	EXP
17	0	94	9	1.1189684	EXP
17	0	8	10	1.0966747	EXP
18	0	248	1	1.4364944	EXP
18	0	56	2	1.4072815	EXP
18	0	197	3	1.2548146	EXP
18	0	234	4	1.2476054	EXP
18	0	57	5	1.2223017	EXP
18	0	947	6	1.0336148	EXP
18	0	1307	7	1.0278202	EXP
18	0	498	8	1.0182395	EXP
18	0	927	9	1.0010422	EXP
18	0	354	10	0.91753894	EXP
19	0	82	1	2.5425544	EXP
19	0	1290	2	1.4808587	EXP
19	0	706	3	1.4289912	EXP
19	0	110	4	1.3477938	EXP
19	0	713	5	1.3251771	EXP
19	0	1242	6	1.3091915	EXP
19	0	1219	7	1.3033128	EXP
19	0	1279	8	1.204356	EXP
19	0	1217	9	1.1931949	EXP
19	0	1270	10	1.148098	EXP
20	0	500	1	4.58625	EXP
20	0	88	2	2.0958986	EXP
20	0	268	3	2.080438	EXP
20	0	270	4	1.7804037	EXP
20	0	450	5	1.7462548	EXP
20	0	87	6	1.5650635	EXP
20	0	477	7	1.4362853	EXP
20	0	902	8	1.3776268	EXP
20	0	458	9	1.3717122	EXP
20	0	1371	10	1.1681886	EXP
21	0	502	1	2.3565588	EXP
21	0	96	2	1.5271063	EXP
21	0	271	3	1.4774975	EXP
21	0	377	4	1.3241189	EXP
21	0	68	5	1.2430271	EXP
21	0	538	6	1.1747952	EXP
21	0	562	7	1.152962	EXP
21	0	343	8	1.1411291	EXP
21	0	302	9	1.1182202	EXP
21	0	686	10	1.0823014	EXP
22	0	125	1	1.6903281	EXP
22	0	980	2	1.5816016	EXP
22	0	560	3	1.500221	EXP
22	0	165	4	1.4391137	EXP
22	0	140	5	1.3856688	EXP
22	0	413	6	1.1815416	EXP
22	0	9	7	1.1058244	EXP
22	0	752	8	1.0289229	EXP
22	0	1212	9	1.0160601	EXP
22	0	565	10	0.97290385	EXP
23	0	1287	1	1.6043572	EXP
23	0	718	2	1.3980405	EXP
23	0	902	3	1.2451721	EXP
23	0	892	4	1.2352259	EXP
23	0	753	5	1.0481262	EXP
23	0	33	6	1.0159998	EXP
23	0	1	7	0.88189673	EXP
23	0	798	8	0.85365236	EXP
23	0	640	9	0.84214485	EXP
23	0	289	10	0.8183523	EXP
24	0	756	1	2.7904613	EXP
24	0	46	2	2.1786797	EXP
24	0	12	3	1.2411661	EXP
24	0	51	4	1.1062989	EXP
24	0	47	5	1.0987306	EXP
24	0	888	6	1.0458133	EXP
24	0	724	7	1.0366199	EXP
24	0	1188	8	1.0330987	EXP
24	0	925	9	0.882144	EXP
24	0	893	10	0.87576485	EXP
25	0	588	1	2.5800192	EXP
25	0	277	2	2.4914434	EXP
25	0	216	3	1.809209	EXP
25	0	511	4	1.801417	EXP
25	0	989	5	1.7475276	EXP
25	0	215	6	1.7023687	EXP
25	0	212	7	1.6234689	EXP
25	0	540	8	1.4472023	EXP
25	0	482	9	1.3291624	EXP
25	0	1329	10	1.2900388	EXP
26	0	148	1	1.2547845	EXP
26	0	348	2	1.2546161	EXP
26	0	766	3	1.2431581	EXP
26	0	611	4	1.2402279	EXP
26	0	248	5	1.2147471	EXP
26	0	1355	6	1.208103	EXP
26	0	572	7	1.1727883	EXP
26	0	96	8	1.0940667	EXP
26	0	307	9	1.0592746	EXP
26	0	935	10	0.97945815	EXP
27	0	1178	1	2.1296751	EXP
27	0	1129	2	2.0845957	EXP
27	0	1176	3	1.9624768	EXP
27	0	888	4	1.9370686	EXP
27	0	1035	5	1.9228218	EXP
27	0	838	6	1.8550392	EXP
27	0	1133	7	1.8505912	EXP
27	0	1132	8	1.53951	EXP
27	0	428	9	1.3633997	EXP
27	0	1031	10	1.360943	EXP
28	0	1050	1	0.9747484	EXP
28	0	1130	2	0.96490085	EXP
28	0	1235	3	0.8920869	EXP
28	0	727	4	0.8275765	EXP
28	0	675	5	0.8113328	EXP
28	0	1048	6	0.78986496	EXP
28	0	1362	7	0.68922454	EXP
28	0	739	8	0.63486826	EXP
28	0	677	9	0.6316202	EXP
28	0	1294	10	0.6205884	EXP
29	0	420	1	2.2856	EXP
29	0	465	2	2.1992123	EXP
29	0	612	3	1.7487084	EXP
29	0	787	4	1.4999712	EXP
29	0	776	5	1.4928179	EXP
29	0	146	6	1.4720517	EXP
29	0	464	7	1.4706619	EXP
29	0	514	8	1.4626955	EXP
29	0	211	9	1.4494205	EXP
29	0	200	10	1.4404254	EXP
30	0	602	1	1.8081169	EXP
30	0	222	2	1.0345669	EXP
30	0	739	3	0.9196683	EXP
30	0	45	4	0.9036072	EXP
30	0	388	5	0.89044684	EXP
30	0	46	6	0.860584	EXP
30	0	126	7	0.85480434	EXP
30	0	466	8	0.7506473	EXP
30	0	513	9	0.71046305	EXP
30	0	683	10	0.7019218	EXP
31	0	751	1	2.6360352	EXP
31	0	1082	2	1.7972956	EXP
31	0	1209	3	1.6395892	EXP
31	0	635	4	1.5011914	EXP
31	0	812	5	1.3399677	EXP
31	0	1325	6	1.3084532	EXP
31	0	247	7	1.3028396	EXP
31	0	698	8	1.2525526	EXP
31	0	916	9	1.1937292	EXP
31	0	749	10	1.1645772	EXP
32	0	752	1	1.9545121	EXP
32	0	467	2	0.9301095	EXP
32	0	1186	3	0.90921426	EXP
32	0	889	4	0.90741473	EXP
32	0	147	5	0.8880374	EXP
32	0	843	6	0.85331094	EXP
32	0	160	7	0.80289495	EXP
32	0	530	8	0.79477596	EXP
32	0	1387	9	0.7789018	EXP
32	0	468	10	0.7300236	EXP
33	0	516	1	3.6725328	EXP
33	0	252	2	3.0257015	EXP
33	0	431	3	2.4613357	EXP
33	0	714	4	2.227863	EXP
33	0	799	5	1.912735	EXP
33	0	808	6	1.8558655	EXP
33	0	141	7	1.6614097	EXP
33	0	904	8	1.541135	EXP
33	0	1066	9	1.5382621	EXP
33	0	712	10	1.5168607	EXP
34	0	198	1	1.6281141	EXP
34	0	704	2	1.4147449	EXP
34	0	799	3	1.3576043	EXP
34	0	431	4	1.2417489	EXP
34	0	516	5	1.2177193	EXP
34	0	1153	6	1.2038271	EXP
34	0	252	7	1.1382799	EXP
34	0	1033	8	1.0815331	EXP
34	0	520	9	1.0649443	EXP
34	0	610	10	1.0503738	EXP
35	0	488	1	1.6739923	EXP
35	0	1203	2	1.5705913	EXP
35	0	166	3	1.4505773	EXP
35	0	654	4	1.4148679	EXP
35	0	1327	5	1.3560777	EXP
35	0	875	6	1.3237035	EXP
35	0	75	7	1.180172	EXP
35	0	720	8	1.172451	EXP
35	0	319	9	1.1539972	EXP
35	0	724	10	1.0578876	EXP
36	0	1160	1	1.8234131	EXP
36	0	1268	2	1.4145397	EXP
36	0	319	3	1.2364326	EXP
36	0	123	4	1.1177253	EXP
36	0	171	5	1.0910482	EXP
36	0	281	6	1.0783714	EXP
36	0	13	7	1.0281483	EXP
36	0	975	8	0.9193213	EXP
36	0	1180	9	0.8849992	EXP
36	0	168	10	0.87591547	EXP
37	0	461	1	1.4626856	EXP
37	0	232	2	1.4561085	EXP
37	0	186	3	1.032222	EXP
37	0	1311	4	0.93100226	EXP
37	0	189	5	0.8977085	EXP
37	0	923	6	0.8973978	EXP
37	0	311	7	0.8781872	EXP
37	0	173	8	0.8453987	EXP
37	0	174	9	0.8068281	EXP
37	0	282	10	0.75842357	EXP
38	0	976	1	1.4971071	EXP
38	0	1082	2	1.4252813	EXP
38	0	433	3	1.2030284	EXP
38	0	252	4	1.0112399	EXP
38	0	536	5	1.0061216	EXP
38	0	927	6	0.9222433	EXP
38	0	25	7	0.9220612	EXP
38	0	154	8	0.8423472	EXP
38	0	1239	9	0.84024405	EXP
38	0	979	10	0.8337023	EXP
39	0	37	1	1.4666463	EXP
39	0	1257	2	1.3306118	EXP
39	0	315	3	1.1138172	EXP
39	0	1143	4	1.1114606	EXP
39	0	171	5	1.002784	EXP
39	0	272	6	0.91257524	EXP
39	0	589	7	0.89594865	EXP
39	0	609	8	0.8367368	EXP
39	0	1154	9	0.7986471	EXP
39	0	1149	10	0.7935019	EXP
40	0	37	1	1.6397529	EXP
40	0	536	2	1.6070793	EXP
40	0	1257	3	1.2886084	EXP
40	0	138	4	1.1211765	EXP
40	0	1143	5	1.1114606	EXP
40	0	1368	6	1.1004593	EXP
40	0	289	7	1.0851213	EXP
40	0	171	8	1.002784	EXP
40	0	1152	9	0.9045416	EXP
40	0	589	10	0.89594865	EXP
41	0	289	1	3.2135856	EXP
41	0	433	2	3.0397425	EXP
41	0	927	3	2.144068	EXP
41	0	432	4	1.8091698	EXP
41	0	229	5	1.7662177	EXP
41	0	288	6	1.6508776	EXP
41	0	1277	7	1.3475138	EXP
41	0	976	8	1.3452384	EXP
41	0	1141	9	1.3176274	EXP
41	0	154	10	1.2380662	EXP
42	0	521	1	3.4533198	EXP
42	0	526	2	2.3977926	EXP
42	0	797	3	2.2219343	EXP
42	0	440	4	1.6164929	EXP
42	0	496	5	1.604324	EXP
42	0	468	6	1.5975144	EXP
42	0	503	7	1.4138507	EXP
42	0	439	8	1.3939731	EXP
42	0	467	9	1.3796076	EXP
42	0	211	10	1.3543352	EXP
43	0	467	1	1.393718	EXP
43	0	346	2	1.3101947	EXP
43	0	122	3	1.1050899	EXP
43	0	469	4	1.0641443	EXP
43	0	903	5	0.97247833	EXP
43	0	39	6	0.94756633	EXP
43	0	194	7	0.8958349	EXP
43	0	916	8	0.8893248	EXP
43	0	1070	9	0.88914585	EXP
43	0	283	10	0.88667154	EXP
44	0	1190	1	1.8881829	EXP
44	0	1199	2	1.1917042	EXP
44	0	943	3	1.1212847	EXP
44	0	103	4	1.0613275	EXP
44	0	1148	5	0.8885859	EXP
44	0	1160	6	0.8834813	EXP
44	0	541	7	0.8395238	EXP
44	0	583	8	0.83314514	EXP
44	0	760	9	0.8317964	EXP
44	0	1031	10	0.80271024	EXP
45	0	305	1	1.5733678	EXP
45	0	525	2	1.3420174	EXP
45	0	123	3	1.1977142	EXP
45	0	1204	4	1.1316383	EXP
45	0	1299	5	1.0804307	EXP
45	0	84	6	0.99659973	EXP
45	0	1185	7	0.9648762	EXP
45	0	344	8	0.95812297	EXP
45	0	623	9	0.88179153	EXP
45	0	14	10	0.84125495	EXP
46	0	270	1	1.239224	EXP
46	0	305	2	1.23243	EXP
46	0	123	3	1.1321933	EXP
46	0	525	4	1.1286039	EXP
46	0	623	5	1.0840446	EXP
46	0	1185	6	1.0735192	EXP
46	0	434	7	1.0535192	EXP
46	0	688	8	1.0452408	EXP
46	0	344	9	0.9867141	EXP
46	0	84	10	0.94975495	EXP
47	0	568	1	1.8405682	EXP
47	0	525	2	1.7901362	EXP
47	0	9	3	1.5562786	EXP
47	0	304	4	1.5097085	EXP
47	0	329	5	1.096976	EXP
47	0	305	6	1.0810968	EXP
47	0	1299	7	1.0804307	EXP
47	0	327	8	0.9951495	EXP
47	0	25	9	0.9834039	EXP
47	0	310	10	0.9477806	EXP
48	0	526	1	2.569413	EXP
48	0	683	2	2.4787588	EXP
48	0	440	3	2.4185112	EXP
48	0	797	4	2.165384	EXP
48	0	222	5	1.5503055	EXP
48	0	334	6	1.1923584	EXP
48	0	798	7	1.0514978	EXP
48	0	521	8	1.0059638	EXP
48	0	704	9	0.9853631	EXP
48	0	712	10	0.90662956	EXP
49	0	476	1	2.467486	EXP
49	0	527	2	2.350484	EXP
49	0	321	3	2.0562458	EXP
49	0	832	4	1.8634788	EXP
49	0	349	5	1.8560103	EXP
49	0	499	6	1.8036216	EXP
49	0	320	7	1.7394894	EXP
49	0	322	8	1.7131966	EXP
49	0	1370	9	1.7052131	EXP
49	0	1108	10	1.5368419	EXP
50	0	1204	1	1.9338785	EXP
50	0	329	2	1.3239197	EXP
50	0	1207	3	1.2279042	EXP
50	0	550	4	1.0944318	EXP
50	0	576	5	1.0324622	EXP
50	0	1149	6	1.0256572	EXP
50	0	1301	7	1.0058801	EXP
50	0	414	8	0.9820259	EXP
50	0	1191	9	0.96725494	EXP
50	0	992	10	0.959723	EXP
51	0	94	1	1.9379904	EXP
51	0	494	2	1.7719948	EXP
51	0	1281	3	1.3573077	EXP
51	0	440	4	1.3278279	EXP
51	0	798	5	1.2681335	EXP
51	0	1214	6	1.2185049	EXP
51	0	133	7	1.1837935	EXP
51	0	456	8	1.1813433	EXP
51	0	261	9	1.1447364	EXP
51	0	1391	10	1.0672218	EXP
52	0	1204	1	2.268035	EXP
52	0	550	2	1.8888719	EXP
52	0	211	3	1.7576709	EXP
52	0	440	4	1.4470253	EXP
52	0	1215	5	1.4237013	EXP
52	0	306	6	1.2944204	EXP
52	0	329	7	1.2479824	EXP
52	0	528	8	1.0544806	EXP
52	0	21	9	1.0264506	EXP
52	0	22	10	1.0147566	EXP
53	0	208	1	4.187053	EXP
53	0	524	2	2.606513	EXP
53	0	267	3	2.158816	EXP
53	0	269	4	2.101543	EXP
53	0	61	5	1.9817758	EXP
53	0	270	6	1.6675087	EXP
53	0	1236	7	1.6375825	EXP
53	0	1221	8	1.6227163	EXP
53	0	298	9	1.6160796	EXP
53	0	1253	10	1.6109577	EXP
54	0	123	1	3.602107	EXP
54	0	84	2	2.5191748	EXP
54	0	1185	3	2.0650969	EXP
54	0	623	4	2.0049365	EXP
54	0	305	5	1.9631056	EXP
54	0	344	6	1.8748124	EXP
54	0	525	7	1.7891434	EXP
54	0	651	8	1.7693124	EXP
54	0	1213	9	1.7306889	EXP
54	0	338	10	1.720999	EXP
55	0	798	1	1.9929125	EXP
55	0	1149	2	1.7655134	EXP
55	0	1383	3	1.7297738	EXP
55	0	460	4	1.6714643	EXP
55	0	344	5	1.6711073	EXP
55	0	1154	6	1.5767347	EXP
55	0	406	7	1.5317905	EXP
55	0	1185	8	1.4043124	EXP
55	0	1301	9	1.3122947	EXP
55	0	440	10	1.2905823	EXP
56	0	753	1	3.2420287	EXP
56	0	783	2	2.1786535	EXP
56	0	14	3	1.5442808	EXP
56	0	811	4	1.5062618	EXP
56	0	441	5	1.418175	EXP
56	0	637	6	1.2687672	EXP
56	0	711	7	1.2433951	EXP
56	0	871	8	1.1952337	EXP
56	0	1105	9	1.1941844	EXP
56	0	798	10	1.1619958	EXP
57	0	753	1	2.2697923	EXP
57	0	1181	2	1.1162299	EXP
57	0	704	3	0.97295946	EXP
57	0	380	4	0.9655934	EXP
57	0	1099	5	0.9405586	EXP
57	0	1296	6	0.9110756	EXP
57	0	1114	7	0.906991	EXP
57	0	1268	8	0.9028273	EXP
57	0	916	9	0.8757148	EXP
57	0	810	10	0.87564087	EXP
58	0	270	1	2.9492218	EXP
58	0	754	2	2.3647137	EXP
58	0	788	3	2.1508503	EXP
58	0	120	4	1.9404935	EXP
58	0	785	5	1.7911303	EXP
58	0	408	6	1.4849482	EXP
58	0	873	7	1.3212949	EXP
58	0	509	8	1.2670869	EXP
58	0	934	9	1.2580248	EXP
58	0	1268	10	1.226807	EXP
59	0	785	1	0.8562976	EXP
59	0	912	2	0.8372106	EXP
59	0	839	3	0.8070122	EXP
59	0	1055	4	0.8005329	EXP
59	0	219	5	0.7709451	EXP
59	0	541	6	0.7419136	EXP
59	0	458	7	0.7295861	EXP
59	0	786	8	0.72094846	EXP
59	0	842	9	0.71133476	EXP
59	0	1309	10	0.71115565	EXP
60	0	321	1	2.8656642	EXP
60	0	527	2	2.566256	EXP
60	0	322	3	2.395424	EXP
60	0	320	4	2.1680539	EXP
60	0	476	5	2.1107337	EXP
60	0	1073	6	1.1992792	EXP
60	0	131	7	1.1964768	EXP
60	0	1240	8	1.1869895	EXP
60	0	1235	9	1.1848556	EXP
60	0	72	10	1.1750938	EXP
61	0	564	1	2.2010043	EXP
61	0	566	2	2.0888865	EXP
61	0	539	3	1.8845598	EXP
61	0	499	4	1.5711981	EXP
61	0	1213	5	1.2629447	EXP
61	0	333	6	1.1495165	EXP
61	0	435	7	1.1193253	EXP
61	0	565	8	1.116929	EXP
61	0	1258	9	1.0973666	EXP
61	0	122	10	1.0462931	EXP
62	0	1258	1	2.357025	EXP
62	0	483	2	1.9828625	EXP
62	0	1081	3	1.6080025	EXP
62	0	533	4	1.5151057	EXP
62	0	459	5	1.5134175	EXP
62	0	381	6	1.5113138	EXP
62	0	553	7	1.484517	EXP
62	0	148	8	1.4791721	EXP
62	0	787	9	1.4727732	EXP
62	0	819	10	1.438609	EXP
63	0	204	1	1.228667	EXP
63	0	287	2	1.0673617	EXP
63	0	843	3	0.9719428	EXP
63	0	889	4	0.9508091	EXP
63	0	678	5	0.87874544	EXP
63	0	782	6	0.83243746	EXP
63	0	420	7	0.82986015	EXP
63	0	721	8	0.8239752	EXP
63	0	1143	9	0.7932181	EXP
63	0	1339	10	0.7834385	EXP
64	0	1252	1	2.114134	EXP
64	0	1204	2	1.734575	EXP
64	0	277	3	1.7024745	EXP
64	0	390	4	1.4196055	EXP
64	0	239	5	1.4138411	EXP
64	0	232	6	1.287867	EXP
64	0	904	7	1.2803557	EXP
64	0	928	8	1.2183785	EXP
64	0	1053	9	1.1690843	EXP
64	0	1310	10	1.1538968	EXP
65	0	388	1	1.620871	EXP
65	0	1106	2	1.3396865	EXP
65	0	655	3	1.170088	EXP
65	0	1386	4	1.1231854	EXP
65	0	815	5	0.9755235	EXP
65	0	1366	6	0.89727104	EXP
65	0	2	7	0.8785803	EXP
65	0	62	8	0.84331167	EXP
65	0	1370	9	0.797457	EXP
65	0	393	10	0.7969687	EXP
66	0	128	1	2.3303432	EXP
66	0	590	2	1.8377362	EXP
66	0	576	3	1.4963663	EXP
66	0	973	4	1.4786824	EXP
66	0	1182	5	1.4240556	EXP
66	0	329	6	1.3086206	EXP
66	0	191	7	1.2806053	EXP
66	0	1206	8	1.1616851	EXP
66	0	198	9	1.1476026	EXP
66	0	458	10	1.1028333	EXP
67	0	149	1	1.6252811	EXP
67	0	458	2	1.1446921	EXP
67	0	1296	3	1.1341097	EXP
67	0	2	4	0.9571202	EXP
67	0	128	5	0.933486	EXP
67	0	198	6	0.9223457	EXP
67	0	388	7	0.87114054	EXP
67	0	72	8	0.86113954	EXP
67	0	393	9	0.7969687	EXP
67	0	1143	10	0.7869301	EXP
68	0	628	1	3.9197927	EXP
68	0	662	2	2.5821059	EXP
68	0	661	3	1.6992643	EXP
68	0	560	4	1.5702215	EXP
68	0	272	5	1.4714562	EXP
68	0	344	6	1.4647058	EXP
68	0	81	7	1.4178108	EXP
68	0	689	8	1.3461238	EXP
68	0	1240	9	1.2538491	EXP
68	0	565	10	1.2531695	EXP
69	0	1138	1	1.2402861	EXP
69	0	105	2	1.179387	EXP
69	0	264	3	1.1003973	EXP
69	0	1193	4	1.0578914	EXP
69	0	300	5	0.905379	EXP
69	0	306	6	0.86691266	EXP
69	0	14	7	0.8634575	EXP
69	0	59	8	0.84855044	EXP
69	0	538	9	0.8085718	EXP
69	0	94	10	0.770952	EXP
70	0	540	1	1.2769175	EXP
70	0	349	2	1.1359314	EXP
70	0	300	3	1.0444286	EXP
70	0	327	4	0.92803925	EXP
70	0	359	5	0.82188404	EXP
70	0	62	6	0.8077927	EXP
70	0	57	7	0.7986052	EXP
70	0	486	8	0.7886077	EXP
70	0	56	9	0.76656383	EXP
70	0	13	10	0.64638746	EXP
71	0	540	1	0.9781094	EXP
71	0	305	2	0.93302053	EXP
71	0	573	3	0.8211814	EXP
71	0	329	4	0.80149305	EXP
71	0	798	5	0.7872228	EXP
71	0	572	6	0.75157034	EXP
71	0	63	7	0.7363026	EXP
71	0	310	8	0.6937253	EXP
71	0	170	9	0.67752093	EXP
71	0	625	10	0.6161058	EXP
72	0	244	1	2.2175195	EXP
72	0	416	2	1.4697715	EXP
72	0	315	3	1.3965802	EXP
72	0	1082	4	1.3076718	EXP
72	0	1215	5	1.2086258	EXP
72	0	1313	6	1.1427414	EXP
72	0	193	7	1.0047263	EXP
72	0	1299	8	1.0003045	EXP
72	0	53	9	0.97259724	EXP
72	0	799	10	0.9661495	EXP
73	0	332	1	3.8412247	EXP
73	0	541	2	3.4873583	EXP
73	0	486	3	2.395926	EXP
73	0	401	4	2.1516845	EXP
73	0	573	5	2.135448	EXP
73	0	103	6	1.7569762	EXP
73	0	42	7	1.7356353	EXP
73	0	488	8	1.6989468	EXP
73	0	1247	9	1.6218182	EXP
73	0	625	10	1.5979887	EXP
74	0	1153	1	2.5101564	EXP
74	0	68	2	1.9934422	EXP
74	0	576	3	1.9528135	EXP
74	0	1161	4	1.8036995	EXP
74	0	625	5	1.6830304	EXP
74	0	283	6	1.6655074	EXP
74	0	26	7	1.6579565	EXP
74	0	695	8	1.6048775	EXP
74	0	1142	9	1.6046935	EXP
74	0	280	10	1.5290784	EXP
75	0	1201	1	1.8707677	EXP
75	0	477	2	1.8509525	EXP
75	0	324	3	1.7882811	EXP
75	0	902	4	1.7524068	EXP
75	0	454	5	1.470014	EXP
75	0	323	6	1.4069846	EXP
75	0	73	7	1.368333	EXP
75	0	645	8	1.2403003	EXP
75	0	928	9	1.2063527	EXP
75	0	401	10	1.206039	EXP
76	0	1082	1	1.7070518	EXP
76	0	454	2	1.6002722	EXP
76	0	803	3	1.3613874	EXP
76	0	1143	4	1.2816294	EXP
76	0	667	5	1.16866	EXP
76	0	132	6	1.0980439	EXP
76	0	1033	7	1.0457227	EXP
76	0	2	8	1.0336558	EXP
76	0	255	9	1.0097167	EXP
76	0	666	10	1.0023749	EXP
77	0	329	1	3.2070239	EXP
77	0	667	2	1.7372062	EXP
77	0	356	3	1.2547221	EXP
77	0	1264	4	1.2125542	EXP
77	0	630	5	1.1980542	EXP
77	0	491	6	1.1951207	EXP
77	0	315	7	1.1885464	EXP
77	0	272	8	1.1651542	EXP
77	0	572	9	1.1179776	EXP
77	0	1395	10	1.0774041	EXP
78	0	589	1	3.7189677	EXP
78	0	543	2	3.008475	EXP
78	0	588	3	2.681404	EXP
78	0	590	4	2.026944	EXP
78	0	237	5	1.9568424	EXP
78	0	216	6	1.740581	EXP
78	0	591	7	1.6330534	EXP
78	0	935	8	1.6080532	EXP
78	0	578	9	1.4813782	EXP
78	0	860	10	1.3843322	EXP
79	0	199	1	1.6914183	EXP
79	0	1066	2	1.4939185	EXP
79	0	748	3	1.329564	EXP
79	0	205	4	1.2338521	EXP
79	0	443	5	1.0569755	EXP
79	0	254	6	1.03948	EXP
79	0	599	7	0.92777306	EXP
79	0	1290	8	0.92030734	EXP
79	0	556	9	0.8481945	EXP
79	0	600	10	0.83035296	EXP
80	0	790	1	2.8439546	EXP
80	0	878	2	1.3627735	EXP
80	0	917	3	1.3502713	EXP
80	0	1066	4	1.0801198	EXP
80	0	999	5	1.0784634	EXP
80	0	1095	6	1.0764116	EXP
80	0	251	7	1.0299047	EXP
80	0	755	8	1.0290654	EXP
80	0	1313	9	1.0247853	EXP
80	0	599	10	1.0106907	EXP
81	0	714	1	2.4086757	EXP
81	0	755	2	2.3184881	EXP
81	0	631	3	1.8655196	EXP
81	0	799	4	1.6722051	EXP
81	0	1163	5	1.5404325	EXP
81	0	924	6	1.4600357	EXP
81	0	1162	7	1.4374455	EXP
81	0	249	8	1.2551483	EXP
81	0	140	9	1.2310504	EXP
81	0	1354	10	1.1265275	EXP
82	0	677	1	2.2850442	EXP
82	0	1334	2	1.8001249	EXP
82	0	1339	3	1.7672538	EXP
82	0	678	4	1.6078514	EXP
82	0	676	5	1.5531682	EXP
82	0	1332	6	1.3888139	EXP
82	0	924	7	1.2685838	EXP
82	0	204	8	1.2067559	EXP
82	0	1343	9	1.2010399	EXP
82	0	420	10	1.1827339	EXP
83	0	753	1	1.8320702	EXP
83	0	1230	2	1.3276409	EXP
83	0	428	3	1.3087913	EXP
83	0	1275	4	1.1261919	EXP
83	0	783	5	1.0717095	EXP
83	0	224	6	1.015312	EXP
83	0	512	7	0.95507616	EXP
83	0	380	8	0.9493335	EXP
83	0	871	9	0.93677425	EXP
83	0	680	10	0.8551215	EXP
84	0	923	1	1.675832	EXP
84	0	927	2	1.2494285	EXP
84	0	1310	3	1.2013549	EXP
84	0	202	4	1.1610351	EXP
84	0	522	5	1.1544517	EXP
84	0	101	6	1.0639055	EXP
84	0	122	7	1.00278	EXP
84	0	294	8	0.980197	EXP
84	0	72	9	0.9271951	EXP
84	0	661	10	0.8881033	EXP
85	0	392	1	1.3765333	EXP
85	0	910	2	1.2930295	EXP
85	0	315	3	1.2925283	EXP
85	0	662	4	1.1081806	EXP
85	0	1143	5	1.0963191	EXP
85	0	147	6	1.0865993	EXP
85	0	937	7	1.0837803	EXP
85	0	272	8	1.0536927	EXP
85	0	1155	9	1.0405504	EXP
85	0	431	10	1.0140104	EXP
86	0	755	1	5.9645004	EXP
86	0	790	2	4.0626526	EXP
86	0	594	3	2.0536819	EXP
86	0	280	4	1.9265616	EXP
86	0	431	5	1.8546243	EXP
86	0	179	6	1.4739975	EXP
86	0	188	7	1.4452238	EXP
86	0	904	8	1.4094331	EXP
86	0	252	9	1.3937407	EXP
86	0	214	10	1.384546	EXP
87	0	1250	1	1.7252936	EXP
87	0	797	2	1.6892397	EXP
87	0	610	3	1.6850553	EXP
87	0	496	4	1.6265398	EXP
87	0	1228	5	1.6003046	EXP
87	0	1242	6	1.4447689	EXP
87	0	707	7	1.3896711	EXP
87	0	334	8	1.3831733	EXP
87	0	1244	9	1.3165157	EXP
87	0	439	10	1.3051893	EXP
88	0	548	1	4.7703795	EXP
88	0	622	2	3.6545649	EXP
88	0	616	3	3.4001286	EXP
88	0	617	4	2.637022	EXP
88	0	613	5	2.4995213	EXP
88	0	618	6	2.416966	EXP
88	0	1244	7	1.9108087	EXP
88	0	934	8	1.7372543	EXP
88	0	162	9	1.6755902	EXP
88	0	163	10	1.5910717	EXP
89	0	793	1	2.2855885	EXP
89	0	757	2	2.1295328	EXP
89	0	797	3	1.9933447	EXP
89	0	252	4	1.7008219	EXP
89	0	1290	5	1.621294	EXP
89	0	794	6	1.6191258	EXP
89	0	924	7	1.5377735	EXP
89	0	205	8	1.5192393	EXP
89	0	1338	9	1.5056307	EXP
89	0	801	10	1.501541	EXP
90	0	1187	1	1.0262965	EXP
90	0	293	2	0.99040097	EXP
90	0	1160	3	0.9776991	EXP
90	0	1295	4	0.9746825	EXP
90	0	1216	5	0.9107499	EXP
90	0	416	6	0.8892657	EXP
90	0	265	7	0.88864225	EXP
90	0	798	8	0.7976886	EXP
90	0	996	9	0.7500828	EXP
90	0	1093	10	0.74977386	EXP
91	0	252	1	1.3390186	EXP
91	0	315	2	1.312793	EXP
91	0	799	3	1.1748967	EXP
91	0	316	4	0.9884834	EXP
91	0	610	5	0.9310335	EXP
91	0	924	6	0.8942502	EXP
91	0	520	7	0.8688154	EXP
91	0	1362	8	0.7926494	EXP
91	0	431	9	0.789808	EXP
91	0	1075	10	0.74608034	EXP
92	0	758	1	3.1227512	EXP
92	0	809	2	2.5354235	EXP
92	0	804	3	2.500858	EXP
92	0	683	4	2.2871723	EXP
92	0	806	5	2.2795563	EXP
92	0	811	6	2.173445	EXP
92	0	1219	7	2.0958145	EXP
92	0	1247	8	2.0231123	EXP
92	0	1147	9	1.792909	EXP
92	0	810	10	1.6406687	EXP
93	0	635	1	4.985575	EXP
93	0	691	2	3.898188	EXP
93	0	1336	3	2.0094867	EXP
93	0	1143	4	1.847317	EXP
93	0	266	5	1.3917735	EXP
93	0	68	6	1.315447	EXP
93	0	1072	7	1.1907312	EXP
93	0	144	8	0.99635214	EXP
93	0	1268	9	0.96323156	EXP
93	0	1374	10	0.9481629	EXP
94	0	1393	1	1.587076	EXP
94	0	283	2	1.2677752	EXP
94	0	101	3	1.2304084	EXP
94	0	1344	4	1.1764575	EXP
94	0	662	5	1.1275499	EXP
94	0	488	6	1.0704818	EXP
94	0	559	7	1.0630887	EXP
94	0	24	8	0.95365113	EXP
94	0	35	9	0.9498887	EXP
94	0	1161	10	0.94867665	EXP
95	0	662	1	1.7397561	EXP
95	0	635	2	1.4493265	EXP
95	0	370	3	1.1159441	EXP
95	0	689	4	1.1139703	EXP
95	0	628	5	1.0387626	EXP
95	0	1191	6	0.8947475	EXP
95	0	1258	7	0.8904172	EXP
95	0	283	8	0.8680642	EXP
95	0	535	9	0.86665577	EXP
95	0	690	10	0.81450874	EXP
96	0	699	1	1.7009461	EXP
96	0	637	2	1.5847658	EXP
96	0	698	3	1.4692079	EXP
96	0	1339	4	1.2524472	EXP
96	0	779	5	1.229664	EXP
96	0	705	6	1.171791	EXP
96	0	1334	7	1.0825794	EXP
96	0	1332	8	1.0459504	EXP
96	0	701	9	0.99362755	EXP
96	0	704	10	0.99011886	EXP
97	0	779	1	2.3369465	EXP
97	0	1289	2	1.841934	EXP
97	0	807	3	1.5451014	EXP
97	0	805	4	1.533089	EXP
97	0	440	5	1.3993236	EXP
97	0	114	6	1.297183	EXP
97	0	1331	7	1.2748709	EXP
97	0	356	8	1.2547221	EXP
97	0	725	9	1.1814742	EXP
97	0	1260	10	1.1805029	EXP
98	0	673	1	3.7166245	EXP
98	0	638	2	2.3890557	EXP
98	0	1343	3	2.1079884	EXP
98	0	1095	4	1.8742626	EXP
98	0	798	5	1.6721612	EXP
98	0	288	6	1.6533623	EXP
98	0	189	7	1.6232926	EXP
98	0	704	8	1.3817941	EXP
98	0	1393	9	1.3495564	EXP
98	0	1096	10	1.3176109	EXP
99	0	639	1	2.645634	EXP
99	0	719	2	2.2573	EXP
99	0	1166	3	2.1913028	EXP
99	0	715	4	1.6382533	EXP
99	0	1203	5	1.4183035	EXP
99	0	274	6	1.3567522	EXP
99	0	216	7	1.2960854	EXP
99	0	553	8	1.2160586	EXP
99	0	682	9	1.1854035	EXP
99	0	1344	10	1.1726497	EXP
100	0	1122	1	3.5970726	EXP
100	0	822	2	3.07571	EXP
100	0	739	3	2.4318595	EXP
100	0	760	4	2.3521047	EXP
100	0	928	5	1.9055333	EXP
100	0	1051	6	1.7956157	EXP
100	0	1171	7	1.7835841	EXP
100	0	1172	8	1.7582206	EXP
100	0	741	9	1.6307968	EXP
100	0	823	10	1.5649179	EXP
101	0	817	1	3.1658032	EXP
101	0	820	2	2.9702263	EXP
101	0	819	3	2.9504993	EXP
101	0	1119	4	2.9466975	EXP
101	0	825	5	2.624543	EXP
101	0	818	6	2.2145507	EXP
101	0	823	7	2.12774	EXP
101	0	826	8	1.9407682	EXP
101	0	760	9	1.9062989	EXP
101	0	837	10	1.8379148	EXP
102	0	1092	1	1.9760363	EXP
102	0	910	2	1.8938453	EXP
102	0	1242	3	1.3091915	EXP
102	0	913	4	1.2921519	EXP
102	0	729	5	1.2151492	EXP
102	0	1289	6	1.0353031	EXP
102	0	119	7	0.9963877	EXP
102	0	229	8	0.9794635	EXP
102	0	313	9	0.9770249	EXP
102	0	720	10	0.9543822	EXP
103	0	761	1	1.667762	EXP
103	0	440	2	1.2905823	EXP
103	0	1127	3	1.2313192	EXP
103	0	720	4	1.1997895	EXP
103	0	1050	5	1.036165	EXP
103	0	826	6	1.0094304	EXP
103	0	1049	7	0.99158114	EXP
103	0	1214	8	0.9751159	EXP
103	0	770	9	0.9490626	EXP
103	0	1048	10	0.94042337	EXP
104	0	762	1	2.5215669	EXP
104	0	1316	2	1.8966267	EXP
104	0	837	3	1.7000039	EXP
104	0	760	4	1.5757816	EXP
104	0	818	5	1.5677457	EXP
104	0	824	6	1.4405836	EXP
104	0	744	7	1.424633	EXP
104	0	1024	8	1.4149116	EXP
104	0	825	9	1.4139555	EXP
104	0	644	10	1.3151686	EXP
105	0	764	1	5.3678484	EXP
105	0	848	2	4.6788163	EXP
105	0	847	3	1.6669954	EXP
105	0	821	4	1.3428638	EXP
105	0	846	5	1.3242075	EXP
105	0	739	6	1.1452403	EXP
105	0	117	7	1.0813048	EXP
105	0	740	8	1.062503	EXP
105	0	407	9	1.0463344	EXP
105	0	953	10	1.0446624	EXP
106	0	42	1	1.2197946	EXP
106	0	908	2	1.2125148	EXP
106	0	846	3	1.0280318	EXP
106	0	1392	4	1.0172716	EXP
106	0	764	5	1.0026726	EXP
106	0	100	6	0.9991465	EXP
106	0	594	7	0.861113	EXP
106	0	374	8	0.74694496	EXP
106	0	878	9	0.7052175	EXP
106	0	344	10	0.69008714	EXP
107	0	640	1	3.2849238	EXP
107	0	725	2	2.611899	EXP
107	0	1279	3	1.7941023	EXP
107	0	1165	4	1.7813109	EXP
107	0	29	5	1.550006	EXP
107	0	658	6	1.4666934	EXP
107	0	883	7	1.4445715	EXP
107	0	911	8	1.3076954	EXP
107	0	724	9	1.2130613	EXP
107	0	909	10	1.1787804	EXP
108	0	720	1	2.3850288	EXP
108	0	75	2	2.354171	EXP
108	0	727	3	1.8735855	EXP
108	0	724	4	1.5846283	EXP
108	0	640	5	1.5079101	EXP
108	0	726	6	1.2482717	EXP
108	0	883	7	1.135827	EXP
108	0	721	8	1.1258552	EXP
108	0	866	9	1.0949295	EXP
108	0	723	10	1.0690895	EXP
109	0	51	1	1.4215635	EXP
109	0	859	2	1.1306851	EXP
109	0	982	3	1.033513	EXP
109	0	711	4	0.98295337	EXP
109	0	1361	5	0.83607125	EXP
109	0	1104	6	0.7980267	EXP
109	0	709	7	0.79164475	EXP
109	0	857	8	0.7740818	EXP
109	0	29	9	0.7615985	EXP
109	0	729	10	0.7572344	EXP
110	0	862	1	1.2110249	EXP
110	0	685	2	1.1761793	EXP
110	0	1117	3	1.1606628	EXP
110	0	820	4	1.0583127	EXP
110	0	428	5	1.033153	EXP
110	0	827	6	1.0328865	EXP
110	0	245	7	1.0316104	EXP
110	0	874	8	1.0173569	EXP
110	0	1387	9	1.0119361	EXP
110	0	744	10	0.9918609	EXP
111	0	894	1	3.5695438	EXP
111	0	739	2	1.4984016	EXP
111	0	658	3	1.4925218	EXP
111	0	856	4	1.3184998	EXP
111	0	857	5	1.3075695	EXP
111	0	948	6	1.2612307	EXP
111	0	1131	7	1.2166057	EXP
111	0	766	8	1.1914026	EXP
111	0	1392	9	1.0947517	EXP
111	0	390	10	1.0739186	EXP
112	0	641	1	4.136675	EXP
112	0	730	2	2.689589	EXP
112	0	731	3	1.741706	EXP
112	0	955	4	1.7272205	EXP
112	0	840	5	1.6025015	EXP
112	0	1392	6	1.5384368	EXP
112	0	733	7	1.4327577	EXP
112	0	734	8	1.3932948	EXP
112	0	648	9	1.3927578	EXP
112	0	14	10	1.3358167	EXP
113	0	748	1	1.456173	EXP
113	0	704	2	1.3825694	EXP
113	0	701	3	1.2870431	EXP
113	0	638	4	1.2020648	EXP
113	0	441	5	1.1985164	EXP
113	0	716	6	1.1530272	EXP
113	0	1272	7	1.126041	EXP
113	0	755	8	1.1167475	EXP
113	0	685	9	1.0906435	EXP
113	0	815	10	1.077872	EXP
114	0	895	1	5.756397	EXP
114	0	1290	2	2.8994381	EXP
114	0	757	3	2.5880232	EXP
114	0	609	4	2.566811	EXP
114	0	685	5	2.2451873	EXP
114	0	794	6	2.0473294	EXP
114	0	634	7	2.0157135	EXP
114	0	780	8	1.9883262	EXP
114	0	315	9	1.9532226	EXP
114	0	783	10	1.9404128	EXP
115	0	13	1	1.6874346	EXP
115	0	184	2	1.609247	EXP
115	0	540	3	1.4966761	EXP
115	0	1002	4	1.383891	EXP
115	0	902	5	1.3670671	EXP
115	0	878	6	1.3585068	EXP
115	0	1155	7	1.3471755	EXP
115	0	371	8	1.3384297	EXP
115	0	1199	9	1.3244975	EXP
115	0	486	10	1.2893572	EXP
116	0	522	1	2.1701453	EXP
116	0	605	2	1.970732	EXP
116	0	272	3	1.6241021	EXP
116	0	759	4	1.3339474	EXP
116	0	1218	5	1.2566686	EXP
116	0	123	6	1.1420205	EXP
116	0	1351	7	1.1211103	EXP
116	0	947	8	1.0810524	EXP
116	0	423	9	1.077803	EXP
116	0	1038	10	1.0713825	EXP
117	0	229	1	2.479791	EXP
117	0	282	2	1.9585389	EXP
117	0	230	3	1.6348464	EXP
117	0	927	4	1.605488	EXP
117	0	782	5	1.470952	EXP
117	0	924	6	1.4508395	EXP
117	0	440	7	1.3999431	EXP
117	0	1328	8	1.3836349	EXP
117	0	60	9	1.3277099	EXP
117	0	1207	10	1.272371	EXP
118	0	545	1	3.1237197	EXP
118	0	600	2	2.8435655	EXP
118	0	246	3	2.5195274	EXP
118	0	210	4	1.9502207	EXP
118	0	803	5	1.9303908	EXP
118	0	230	6	1.7791378	EXP
118	0	229	7	1.7519127	EXP
118	0	1239	8	1.6042258	EXP
118	0	599	9	1.5886494	EXP
118	0	1381	10	1.536416	EXP
119	0	928	1	2.311857	EXP
119	0	1132	2	2.1549544	EXP
119	0	744	3	2.102354	EXP
119	0	926	4	2.0845149	EXP
119	0	1034	5	2.0674407	EXP
119	0	638	6	1.9978404	EXP
119	0	277	7	1.851978	EXP
119	0	1048	8	1.7947524	EXP
119	0	827	9	1.7127166	EXP
119	0	739	10	1.6787018	EXP
120	0	769	1	3.0332463	EXP
120	0	887	2	2.5064433	EXP
120	0	891	3	1.8854203	EXP
120	0	739	4	1.868099	EXP
120	0	890	5	1.7319684	EXP
120	0	846	6	1.5125469	EXP
120	0	1122	7	1.477024	EXP
120	0	454	8	1.470014	EXP
120	0	928	9	1.443407	EXP
120	0	889	10	1.4320266	EXP
121	0	837	1	2.2102325	EXP
121	0	1056	2	1.9544841	EXP
121	0	769	3	1.9055929	EXP
121	0	887	4	1.8509334	EXP
121	0	891	5	1.6371224	EXP
121	0	580	6	1.6025904	EXP
121	0	739	7	1.5940213	EXP
121	0	875	8	1.3237035	EXP
121	0	888	9	1.2969304	EXP
121	0	1127	10	1.2279314	EXP
122	0	898	1	1.3568197	EXP
122	0	1070	2	1.310732	EXP
122	0	1068	3	1.1963241	EXP
122	0	934	4	1.0935714	EXP
122	0	371	5	1.0661019	EXP
122	0	78	6	1.043797	EXP
122	0	814	7	1.0058017	EXP
122	0	600	8	0.9029905	EXP
122	0	370	9	0.88843185	EXP
122	0	1287	10	0.8573945	EXP
123	0	34	1	1.4473423	EXP
123	0	227	2	1.3362148	EXP
123	0	1360	3	1.3132643	EXP
123	0	1222	4	1.2665818	EXP
123	0	966	5	1.2244304	EXP
123	0	917	6	1.1956236	EXP
123	0	950	7	1.1156825	EXP
123	0	1221	8	1.0702964	EXP
123	0	254	9	1.03948	EXP
123	0	704	10	1.0262883	EXP
124	0	941	1	3.0208797	EXP
124	0	270	2	1.7342626	EXP
124	0	442	3	1.5033607	EXP
124	0	625	4	1.4577639	EXP
124	0	799	5	1.4514813	EXP
124	0	898	6	1.3568197	EXP
124	0	371	7	1.3145275	EXP
124	0	1070	8	1.310732	EXP
124	0	1068	9	1.2903557	EXP
124	0	171	10	1.2660178	EXP
125	0	1082	1	1.7411507	EXP
125	0	711	2	1.1855347	EXP
125	0	569	3	0.9463263	EXP
125	0	695	4	0.89982635	EXP
125	0	388	5	0.89044684	EXP
125	0	1075	6	0.8722913	EXP
125	0	739	7	0.86231923	EXP
125	0	46	8	0.860584	EXP
125	0	610	9	0.84791946	EXP
125	0	520	10	0.8104077	EXP
126	0	1326	1	2.967771	EXP
126	0	974	2	2.9442677	EXP
126	0	1288	3	2.5530257	EXP
126	0	1082	4	1.7458287	EXP
126	0	1095	5	1.6820592	EXP
126	0	773	6	1.2678753	EXP
126	0	711	7	1.1855347	EXP
126	0	1265	8	1.1447997	EXP
126	0	1083	9	0.92168766	EXP
126	0	397	10	0.9025628	EXP
127	0	5	1	2.4453938	EXP
127	0	981	2	1.4479434	EXP
127	0	869	3	1.3983505	EXP
127	0	6	4	1.1802965	EXP
127	0	637	5	1.1106234	EXP
127	0	1024	6	1.090333	EXP
127	0	91	7	0.96463114	EXP
127	0	660	8	0.9374904	EXP
127	0	164	9	0.9326418	EXP
127	0	582	10	0.916147	EXP
128	0	945	1	4.550956	EXP
128	0	92	2	1.9606667	EXP
128	0	1063	3	1.8347623	EXP
128	0	1246	4	1.6213894	EXP
128	0	989	5	1.6105393	EXP
128	0	988	6	1.6077073	EXP
128	0	111	7	1.5387304	EXP
128	0	1043	8	1.2240845	EXP
128	0	762	9	1.1249051	EXP
128	0	869	10	1.0938953	EXP
129	0	989	1	3.4320123	EXP
129	0	988	2	3.2820852	EXP
129	0	945	3	2.8490796	EXP
129	0	660	4	1.9272699	EXP
129	0	987	5	1.8630184	EXP
129	0	985	6	1.2583761	EXP
129	0	314	7	1.0897303	EXP
129	0	396	8	1.0873368	EXP
129	0	1281	9	1.0176073	EXP
129	0	889	10	0.92962813	EXP
130	0	948	1	4.582146	EXP
130	0	859	2	3.7708066	EXP
130	0	727	3	2.3668113	EXP
130	0	729	4	1.7974433	EXP
130	0	766	5	1.6981344	EXP
130	0	51	6	1.4215635	EXP
130	0	982	7	1.3467354	EXP
130	0	5	8	1.3250456	EXP
130	0	856	9	1.2589455	EXP
130	0	419	10	1.2486179	EXP
131	0	950	1	4.584898	EXP
131	0	1021	2	2.228256	EXP
131	0	1143	3	2.1653008	EXP
131	0	1125	4	2.14998	EXP
131	0	952	5	2.0659683	EXP
131	0	1025	6	1.9632751	EXP
131	0	1017	7	1.8841748	EXP
131	0	1034	8	1.6913854	EXP
131	0	742	9	1.6398208	EXP
131	0	1019	10	1.607756	EXP
132	0	997	1	1.0251855	EXP
132	0	1013	2	0.9437679	EXP
132	0	1028	3	0.8716513	EXP
132	0	1017	4	0.8698819	EXP
132	0	1015	5	0.86296463	EXP
132	0	1020	6	0.8244504	EXP
132	0	950	7	0.8034071	EXP
132	0	1024	8	0.7517498	EXP
132	0	1026	9	0.7308079	EXP
132	0	1021	10	0.72737145	EXP
133	0	1013	1	0.9437679	EXP
133	0	997	2	0.92811215	EXP
133	0	1028	3	0.9048306	EXP
133	0	856	4	0.8919345	EXP
133	0	1015	5	0.86296463	EXP
133	0	1020	6	0.8244504	EXP
133	0	1017	7	0.8094404	EXP
133	0	950	8	0.75838447	EXP
133	0	1024	9	0.7517498	EXP
133	0	1026	10	0.7308079	EXP
134	0	866	1	1.7970223	EXP
134	0	1012	2	1.3721532	EXP
134	0	640	3	1.2348853	EXP
134	0	951	4	1.1903088	EXP
134	0	232	5	1.1797243	EXP
134	0	1015	6	1.1596465	EXP
134	0	252	7	1.1556362	EXP
134	0	935	8	1.1323304	EXP
134	0	96	9	1.1257709	EXP
134	0	266	10	1.1103573	EXP
135	0	1017	1	1.5454235	EXP
135	0	1020	2	1.4857503	EXP
135	0	1013	3	1.428059	EXP
135	0	950	4	1.3848429	EXP
135	0	1024	5	1.3773639	EXP
135	0	1026	6	1.3638147	EXP
135	0	1028	7	1.3612816	EXP
135	0	1029	8	1.3427767	EXP
135	0	1019	9	1.2479055	EXP
135	0	951	10	1.1692625	EXP
136	0	140	1	1.7917329	EXP
136	0	1033	2	1.4547739	EXP
136	0	521	3	1.3451744	EXP
136	0	1125	4	1.3150417	EXP
136	0	829	5	1.3106482	EXP
136	0	206	6	1.2509481	EXP
136	0	951	7	1.1101801	EXP
136	0	1080	8	1.084037	EXP
136	0	964	9	1.0304638	EXP
136	0	1013	10	0.95675516	EXP
137	0	952	1	7.0168867	EXP
137	0	1023	2	2.7118573	EXP
137	0	1034	3	2.6929743	EXP
137	0	1026	4	2.4853106	EXP
137	0	1032	5	2.4426491	EXP
137	0	1017	6	2.1847577	EXP
137	0	1021	7	2.0745342	EXP
137	0	1125	8	2.0126731	EXP
137	0	1025	9	1.9933758	EXP
137	0	1013	10	1.9550683	EXP
138	0	846	1	1.5361124	EXP
138	0	844	2	1.5133698	EXP
138	0	910	3	1.4473734	EXP
138	0	42	4	1.3996338	EXP
138	0	953	5	1.3493867	EXP
138	0	889	6	1.2480372	EXP
138	0	1066	7	1.2186309	EXP
138	0	908	8	1.2125148	EXP
138	0	392	9	1.18884	EXP
138	0	1122	10	1.176489	EXP
139	0	826	1	1.6949979	EXP
139	0	846	2	1.6709764	EXP
139	0	844	3	1.6079738	EXP
139	0	42	4	1.4876711	EXP
139	0	1122	5	1.4632685	EXP
139	0	910	6	1.4473734	EXP
139	0	887	7	1.4266268	EXP
139	0	953	8	1.3493867	EXP
139	0	818	9	1.3295186	EXP
139	0	1066	10	1.2186309	EXP
140	0	954	1	3.7595227	EXP
140	0	1038	2	1.7779851	EXP
140	0	497	3	1.1802514	EXP
140	0	1045	4	1.1092871	EXP
140	0	720	5	1.0407579	EXP
140	0	329	6	1.0074178	EXP
140	0	1202	7	0.9690538	EXP
140	0	870	8	0.93023217	EXP
140	0	1046	9	0.9164818	EXP
140	0	890	10	0.8888074	EXP
141	0	1135	1	1.2268821	EXP
141	0	819	2	1.2172078	EXP
141	0	828	3	1.0599738	EXP
141	0	160	4	1.0379944	EXP
141	0	889	5	1.0310482	EXP
141	0	743	6	0.88574076	EXP
141	0	1214	7	0.8775372	EXP
141	0	195	8	0.84461915	EXP
141	0	1137	9	0.8385639	EXP
141	0	164	10	0.823672	EXP
142	0	1175	1	2.489782	EXP
142	0	954	2	1.8484203	EXP
142	0	1219	3	1.6543558	EXP
142	0	1125	4	1.4376353	EXP
142	0	827	5	1.3760766	EXP
142	0	683	6	1.3687516	EXP
142	0	1134	7	1.1898426	EXP
142	0	890	8	1.1503823	EXP
142	0	887	9	1.1198254	EXP
142	0	329	10	1.1192017	EXP
143	0	954	1	1.4044085	EXP
143	0	1051	2	1.2471592	EXP
143	0	1045	3	1.1092871	EXP
143	0	889	4	0.9917712	EXP
143	0	839	5	0.9836453	EXP
143	0	955	6	0.97127485	EXP
143	0	1043	7	0.9462725	EXP
143	0	1047	8	0.932517	EXP
143	0	1046	9	0.9164818	EXP
143	0	930	10	0.9111781	EXP
144	0	839	1	3.284051	EXP
144	0	955	2	3.2386935	EXP
144	0	1340	3	2.6336508	EXP
144	0	840	4	2.4580653	EXP
144	0	1045	5	2.4435985	EXP
144	0	1051	6	2.2529776	EXP
144	0	1178	7	2.186422	EXP
144	0	783	8	2.170495	EXP
144	0	1363	9	2.0383759	EXP
144	0	1046	10	2.0003393	EXP
145	0	1051	1	2.775081	EXP
145	0	839	2	2.6595697	EXP
145	0	1045	3	1.7892876	EXP
145	0	1046	4	1.6811911	EXP
145	0	454	5	1.6262039	EXP
145	0	827	6	1.498273	EXP
145	0	838	7	1.4456103	EXP
145	0	928	8	1.3637819	EXP
145	0	955	9	1.3168064	EXP
145	0	1047	10	1.3083711	EXP
146	0	955	1	4.0413284	EXP
146	0	840	2	2.998449	EXP
146	0	641	3	2.9083803	EXP
146	0	1045	4	2.6655283	EXP
146	0	730	5	2.0369759	EXP
146	0	839	6	1.9281851	EXP
146	0	1175	7	1.9206153	EXP
146	0	1046	8	1.5793784	EXP
146	0	1047	9	1.3793656	EXP
146	0	1134	10	1.2287216	EXP
147	0	956	1	4.8419857	EXP
147	0	1050	2	3.4523818	EXP
147	0	1049	3	3.2379334	EXP
147	0	1128	4	1.9180818	EXP
147	0	1392	5	1.7638013	EXP
147	0	1387	6	1.6068838	EXP
147	0	1127	7	1.5262277	EXP
147	0	826	8	1.5021133	EXP
147	0	1358	9	1.2954313	EXP
147	0	1119	10	1.2612344	EXP
148	0	1048	1	2.2452772	EXP
148	0	826	2	1.6148605	EXP
148	0	739	3	1.5437303	EXP
148	0	956	4	1.4747458	EXP
148	0	1050	5	1.2581826	EXP
148	0	1127	6	1.240312	EXP
148	0	720	7	1.2360902	EXP
148	0	827	8	1.1586459	EXP
148	0	761	9	1.153119	EXP
148	0	928	10	1.0519323	EXP
149	0	930	1	1.4128608	EXP
149	0	926	2	1.3282245	EXP
149	0	1070	3	1.1760044	EXP
149	0	638	4	1.0270634	EXP
149	0	277	5	0.9532342	EXP
149	0	1048	6	0.94663924	EXP
149	0	966	7	0.90086746	EXP
149	0	1051	8	0.89399195	EXP
149	0	934	9	0.8731632	EXP
149	0	423	10	0.8431127	EXP
150	0	1075	1	2.1066985	EXP
150	0	1074	2	1.9616325	EXP
150	0	1062	3	1.9311414	EXP
150	0	1202	4	1.3409637	EXP
150	0	1108	5	1.2749753	EXP
150	0	1259	6	1.2081704	EXP
150	0	1239	7	1.087422	EXP
150	0	234	8	1.0874182	EXP
150	0	696	9	1.0520597	EXP
150	0	923	10	1.0081636	EXP
151	0	225	1	1.460289	EXP
151	0	924	2	1.1438305	EXP
151	0	433	3	1.1116536	EXP
151	0	783	4	0.9996232	EXP
151	0	206	5	0.9938477	EXP
151	0	677	6	0.88753974	EXP
151	0	1261	7	0.88160527	EXP
151	0	101	8	0.85503405	EXP
151	0	52	9	0.8531858	EXP
151	0	1195	10	0.83692586	EXP
152	0	1143	1	0.7932181	EXP
152	0	609	2	0.77788717	EXP
152	0	1225	3	0.75799406	EXP
152	0	696	4	0.675456	EXP
152	0	94	5	0.650957	EXP
152	0	1334	6	0.6356926	EXP
152	0	1331	7	0.6148503	EXP
152	0	1332	8	0.58386713	EXP
152	0	671	9	0.5774846	EXP
152	0	683	10	0.57737964	EXP
153	0	1063	1	2.6572888	EXP
153	0	1082	2	2.524361	EXP
153	0	1085	3	2.1856134	EXP
153	0	1081	4	2.169531	EXP
153	0	329	5	1.6039094	EXP
153	0	1088	6	1.3100134	EXP
153	0	149	7	1.2141784	EXP
153	0	551	8	1.1212585	EXP
153	0	300	9	1.0576063	EXP
153	0	117	10	0.97684824	EXP
154	0	1088	1	5.0227785	EXP
154	0	1054	2	2.1447027	EXP
154	0	1087	3	1.7835779	EXP
154	0	1055	4	1.5689588	EXP
154	0	1086	5	1.5261793	EXP
154	0	111	6	1.4160837	EXP
154	0	1262	7	1.1509577	EXP
154	0	225	8	1.1230702	EXP
154	0	551	9	1.1212585	EXP
154	0	1063	10	1.1044835	EXP
155	0	1101	1	1.4136542	EXP
155	0	76	2	1.1526134	EXP
155	0	1097	3	1.1389425	EXP
155	0	1287	4	1.0679395	EXP
155	0	1065	5	1.0668986	EXP
155	0	553	6	1.044048	EXP
155	0	804	7	1.0137823	EXP
155	0	1099	8	0.9781434	EXP
155	0	238	9	0.9364988	EXP
155	0	120	10	0.93241835	EXP
156	0	1096	1	3.4350681	EXP
156	0	553	2	2.4453907	EXP
156	0	1097	3	2.1897902	EXP
156	0	1098	4	1.9210684	EXP
156	0	82	5	1.8575759	EXP
156	0	818	6	1.5809119	EXP
156	0	1065	7	1.5682602	EXP
156	0	1099	8	1.3249078	EXP
156	0	1100	9	1.2280847	EXP
156	0	204	10	1.1310766	EXP
157	0	1214	1	1.8983486	EXP
157	0	456	2	1.8197727	EXP
157	0	25	3	1.654833	EXP
157	0	160	4	1.448555	EXP
157	0	101	5	1.4354312	EXP
157	0	1006	6	1.3948419	EXP
157	0	976	7	1.3948232	EXP
157	0	1356	8	1.3939295	EXP
157	0	369	9	1.3824642	EXP
157	0	556	10	1.2733451	EXP
158	0	302	1	1.0675313	EXP
158	0	691	2	0.9281891	EXP
158	0	949	3	0.775169	EXP
158	0	82	4	0.7641562	EXP
158	0	552	5	0.7248502	EXP
158	0	364	6	0.60605365	EXP
158	0	1199	7	0.5463295	EXP
158	0	193	8	0.5373908	EXP
158	0	463	9	0.5346985	EXP
158	0	586	10	0.5330804	EXP
159	0	1066	1	5.9045944	EXP
159	0	1197	2	2.1950867	EXP
159	0	1321	3	1.9133799	EXP
159	0	42	4	1.8489801	EXP
159	0	1363	5	1.6338735	EXP
159	0	846	6	1.6069351	EXP
159	0	100	7	1.4363499	EXP
159	0	1322	8	1.3918619	EXP
159	0	432	9	1.3771174	EXP
159	0	1293	10	1.3558092	EXP
160	0	1071	1	4.3547564	EXP
160	0	1134	2	3.600895	EXP
160	0	885	3	2.9945672	EXP
160	0	890	4	2.9288423	EXP
160	0	769	5	2.69145	EXP
160	0	764	6	2.573592	EXP
160	0	740	7	2.5294995	EXP
160	0	891	8	2.4041414	EXP
160	0	739	9	2.3253682	EXP
160	0	1172	10	2.039507	EXP
161	0	1386	1	2.596016	EXP
161	0	1185	2	2.286246	EXP
161	0	54	3	2.106112	EXP
161	0	329	4	1.904123	EXP
161	0	1192	5	1.6632246	EXP
161	0	1261	6	1.5725458	EXP
161	0	1182	7	1.4341309	EXP
161	0	366	8	1.4044957	EXP
161	0	460	9	1.3992296	EXP
161	0	315	10	1.3916117	EXP
162	0	460	1	1.5208547	EXP
162	0	55	2	1.458307	EXP
162	0	62	3	1.3317577	EXP
162	0	798	4	1.3133562	EXP
162	0	1386	5	1.2963763	EXP
162	0	366	6	1.2960205	EXP
162	0	365	7	1.2310326	EXP
162	0	1383	8	1.2183515	EXP
162	0	54	9	1.1957973	EXP
162	0	461	10	1.1930078	EXP
163	0	492	1	3.9330487	EXP
163	0	232	2	2.312605	EXP
163	0	56	3	2.2914622	EXP
163	0	57	4	2.1846225	EXP
163	0	973	5	1.7917627	EXP
163	0	37	6	1.6610228	EXP
163	0	434	7	1.607488	EXP
163	0	1311	8	1.5882744	EXP
163	0	1040	9	1.5511578	EXP
163	0	1381	10	1.3784631	EXP
164	0	311	1	2.182059	EXP
164	0	1268	2	1.0035312	EXP
164	0	503	3	0.9949109	EXP
164	0	1187	4	0.97394395	EXP
164	0	415	5	0.9384158	EXP
164	0	416	6	0.8892657	EXP
164	0	1216	7	0.8650898	EXP
164	0	1220	8	0.79988456	EXP
164	0	798	9	0.7976886	EXP
164	0	316	10	0.784341	EXP
165	0	504	1	2.0551877	EXP
165	0	1268	2	1.7272426	EXP
165	0	978	3	1.4253246	EXP
165	0	72	4	1.2916443	EXP
165	0	209	5	1.0476441	EXP
165	0	49	6	1.0331984	EXP
165	0	417	7	0.9888379	EXP
165	0	1303	8	0.9744282	EXP
165	0	1375	9	0.95857155	EXP
165	0	569	10	0.93854684	EXP
166	0	504	1	1.9705567	EXP
166	0	72	2	1.2916443	EXP
166	0	209	3	1.0486757	EXP
166	0	1303	4	0.9820513	EXP
166	0	1203	5	0.93933886	EXP
166	0	569	6	0.86679274	EXP
166	0	663	7	0.8613004	EXP
166	0	421	8	0.7665461	EXP
166	0	334	9	0.7597828	EXP
166	0	978	10	0.745237	EXP
167	0	1098	1	2.5382566	EXP
167	0	1279	2	2.3346002	EXP
167	0	553	3	1.9648807	EXP
167	0	1241	4	1.8325043	EXP
167	0	82	5	1.7104398	EXP
167	0	536	6	1.5181465	EXP
167	0	274	7	1.3640046	EXP
167	0	1165	8	1.3534648	EXP
167	0	1100	9	1.3088411	EXP
167	0	677	10	1.2411126	EXP
168	0	118	1	2.0833151	EXP
168	0	738	2	1.8501087	EXP
168	0	341	3	1.6506325	EXP
168	0	714	4	1.6352142	EXP
168	0	750	5	1.6159388	EXP
168	0	217	6	1.5328106	EXP
168	0	157	7	1.4497708	EXP
168	0	745	8	1.2949013	EXP
168	0	172	9	1.2403771	EXP
168	0	696	10	1.1850249	EXP
169	0	118	1	2.0426548	EXP
169	0	738	2	1.8501087	EXP
169	0	341	3	1.6641525	EXP
169	0	157	4	1.6553482	EXP
169	0	750	5	1.6380287	EXP
169	0	714	6	1.6260265	EXP
169	0	217	7	1.5581527	EXP
169	0	745	8	1.2949013	EXP
169	0	985	9	1.2546233	EXP
169	0	172	10	1.2403771	EXP
170	0	904	1	3.1806812	EXP
170	0	893	2	2.4184296	EXP
170	0	1082	3	2.3784533	EXP
170	0	140	4	2.10939	EXP
170	0	905	5	2.0634873	EXP
170	0	139	6	1.9762794	EXP
170	0	239	7	1.9038417	EXP
170	0	238	8	1.4877486	EXP
170	0	315	9	1.4603045	EXP
170	0	428	10	1.3797477	EXP
171	0	252	1	3.0257015	EXP
171	0	516	2	2.9309263	EXP
171	0	431	3	2.7380989	EXP
171	0	714	4	2.369164	EXP
171	0	799	5	1.912735	EXP
171	0	808	6	1.6371896	EXP
171	0	904	7	1.541135	EXP
171	0	1066	8	1.5382621	EXP
171	0	1153	9	1.4667243	EXP
171	0	188	10	1.4511528	EXP
172	0	476	1	2.1107337	EXP
172	0	527	2	2.1105928	EXP
172	0	321	3	2.0164688	EXP
172	0	320	4	1.8928875	EXP
172	0	322	5	1.8099786	EXP
172	0	478	6	1.0511279	EXP
172	0	1370	7	0.97339904	EXP
172	0	1235	8	0.95672107	EXP
172	0	417	9	0.742106	EXP
172	0	1251	10	0.69678074	EXP
173	0	91	1	1.6995286	EXP
173	0	532	2	1.6492696	EXP
173	0	90	3	1.6059328	EXP
173	0	451	4	1.4664046	EXP
173	0	767	5	1.0360388	EXP
173	0	1086	6	0.8427587	EXP
173	0	851	7	0.837543	EXP
173	0	293	8	0.8232768	EXP
173	0	703	9	0.8110478	EXP
173	0	1087	10	0.791587	EXP
174	0	483	1	2.2562735	EXP
174	0	533	2	1.7138174	EXP
174	0	501	3	1.3651105	EXP
174	0	1274	4	1.1415201	EXP
174	0	1319	5	1.1375949	EXP
174	0	1318	6	1.108806	EXP
174	0	706	7	1.0858171	EXP
174	0	160	8	0.95994276	EXP
174	0	35	9	0.9155335	EXP
174	0	411	10	0.91530275	EXP
175	0	941	1	1.7679853	EXP
175	0	270	2	1.5359782	EXP
175	0	1221	3	1.2000666	EXP
175	0	254	4	1.08957	EXP
175	0	1082	5	1.0376459	EXP
175	0	491	6	0.7937206	EXP
175	0	139	7	0.73982394	EXP
175	0	112	8	0.71916264	EXP
175	0	1191	9	0.71463645	EXP
175	0	666	10	0.7010928	EXP
176	0	542	1	3.92086	EXP
176	0	869	2	2.4181297	EXP
176	0	160	3	1.4920154	EXP
176	0	963	4	1.3013855	EXP
176	0	153	5	1.1554968	EXP
176	0	586	6	1.1003112	EXP
176	0	767	7	0.99894035	EXP
176	0	981	8	0.9791396	EXP
176	0	1073	9	0.92442876	EXP
176	0	1375	10	0.9163588	EXP
177	0	543	1	2.3083432	EXP
177	0	590	2	2.026944	EXP
177	0	588	3	1.9567921	EXP
177	0	216	4	1.740581	EXP
177	0	589	5	1.6357315	EXP
177	0	576	6	1.4352965	EXP
177	0	237	7	1.3009491	EXP
177	0	138	8	1.2495471	EXP
177	0	426	9	1.1697189	EXP
177	0	1089	10	1.0817552	EXP
178	0	591	1	1.6330534	EXP
178	0	216	2	1.2073457	EXP
178	0	543	3	1.1835351	EXP
178	0	588	4	1.1062657	EXP
178	0	589	5	1.0998842	EXP
178	0	511	6	1.0568736	EXP
178	0	236	7	0.9921329	EXP
178	0	590	8	0.9836285	EXP
178	0	237	9	0.98281085	EXP
178	0	1155	10	0.949436	EXP
179	0	633	1	3.6866176	EXP
179	0	428	2	2.6350753	EXP
179	0	753	3	2.1684263	EXP
179	0	224	4	2.1653962	EXP
179	0	682	5	2.1109345	EXP
179	0	680	6	1.7159449	EXP
179	0	227	7	1.7077154	EXP
179	0	433	8	1.7016172	EXP
179	0	365	9	1.6807501	EXP
179	0	477	10	1.6226922	EXP
180	0	548	1	3.2662816	EXP
180	0	616	2	2.1565242	EXP
180	0	622	3	2.0016632	EXP
180	0	218	4	1.3030615	EXP
180	0	617	5	1.1610292	EXP
180	0	314	6	1.137325	EXP
180	0	882	7	1.018777	EXP
180	0	807	8	1.0117228	EXP
180	0	315	9	0.98412836	EXP
180	0	613	10	0.9035629	EXP
181	0	1075	1	1.0011916	EXP
181	0	388	2	0.92460823	EXP
181	0	610	3	0.91097355	EXP
181	0	997	4	0.9000065	EXP
181	0	695	5	0.89982635	EXP
181	0	1074	6	0.88690144	EXP
181	0	739	7	0.8855662	EXP
181	0	46	8	0.860584	EXP
181	0	270	9	0.82998675	EXP
181	0	195	10	0.8118962	EXP
182	0	634	1	7.6920733	EXP
182	0	685	2	4.7990294	EXP
182	0	1290	3	1.8282248	EXP
182	0	572	4	1.8223219	EXP
182	0	1300	5	1.7502236	EXP
182	0	712	6	1.7361902	EXP
182	0	757	7	1.5927839	EXP
182	0	686	8	1.4976432	EXP
182	0	211	9	1.4536656	EXP
182	0	655	10	1.4407376	EXP
183	0	809	1	1.7394414	EXP
183	0	758	2	1.6661948	EXP
183	0	804	3	1.6627212	EXP
183	0	808	4	1.5626764	EXP
183	0	1243	5	1.3875957	EXP
183	0	1247	6	1.2967516	EXP
183	0	811	7	1.1444453	EXP
183	0	39	8	1.0045177	EXP
183	0	1313	9	0.96315026	EXP
183	0	1226	10	0.93883264	EXP
184	0	717	1	1.8896309	EXP
184	0	82	2	1.630404	EXP
184	0	813	3	1.253779	EXP
184	0	1217	4	1.1931949	EXP
184	0	1219	5	1.1877999	EXP
184	0	639	6	1.1761687	EXP
184	0	554	7	1.1072764	EXP
184	0	274	8	1.0786978	EXP
184	0	1391	9	1.041467	EXP
184	0	254	10	1.03948	EXP
185	0	856	1	2.1417284	EXP
185	0	857	2	1.7773675	EXP
185	0	658	3	1.4347785	EXP
185	0	390	4	1.2926824	EXP
185	0	948	5	1.2612307	EXP
185	0	766	6	1.1749192	EXP
185	0	858	7	1.1000563	EXP
185	0	894	8	1.0309038	EXP
185	0	859	9	1.0090746	EXP
185	0	997	10	0.92811215	EXP
186	0	1075	1	1.2457262	EXP
186	0	1239	2	1.1653976	EXP
186	0	17	3	1.1202252	EXP
186	0	753	4	1.1136836	EXP
186	0	1062	5	1.0652592	EXP
186	0	520	6	1.0494684	EXP
186	0	252	7	0.9593387	EXP
186	0	610	8	0.95239323	EXP
186	0	923	9	0.9269446	EXP
186	0	1243	10	0.9117117	EXP
187	0	839	1	1.8031584	EXP
187	0	846	2	1.6773319	EXP
187	0	841	3	1.44943	EXP
187	0	764	4	1.3056879	EXP
187	0	1051	5	1.278618	EXP
187	0	826	6	1.2497225	EXP
187	0	743	7	1.2186831	EXP
187	0	936	8	1.2026337	EXP
187	0	1172	9	1.1990794	EXP
187	0	827	10	1.1535718	EXP
188	0	725	1	3.1168096	EXP
188	0	722	2	2.7546883	EXP
188	0	640	3	2.1913817	EXP
188	0	1279	4	2.1207442	EXP
188	0	908	5	1.9243225	EXP
188	0	1316	6	1.3570249	EXP
188	0	1165	7	1.3534648	EXP
188	0	1360	8	1.3027351	EXP
188	0	114	9	1.297183	EXP
188	0	1270	10	1.2804792	EXP
189	0	767	1	2.7688336	EXP
189	0	640	2	1.5330083	EXP
189	0	1177	3	1.4387368	EXP
189	0	1248	4	1.317488	EXP
189	0	796	5	1.2272493	EXP
189	0	865	6	1.2042036	EXP
189	0	732	7	1.1660888	EXP
189	0	212	8	1.1069912	EXP
189	0	987	9	1.1002775	EXP
189	0	726	10	1.0987651	EXP
190	0	1066	1	2.651177	EXP
190	0	856	2	2.0979445	EXP
190	0	42	3	1.9876572	EXP
190	0	390	4	1.9719958	EXP
190	0	1339	5	1.6958625	EXP
190	0	948	6	1.6013882	EXP
190	0	122	7	1.5500315	EXP
190	0	15	8	1.478974	EXP
190	0	818	9	1.4579929	EXP
190	0	52	10	1.4467195	EXP
191	0	1392	1	2.16839	EXP
191	0	103	2	1.8615125	EXP
191	0	766	3	1.6929998	EXP
191	0	658	4	1.6703694	EXP
191	0	827	5	1.5677083	EXP
191	0	1242	6	1.5556339	EXP
191	0	660	7	1.5172492	EXP
191	0	894	8	1.5050114	EXP
191	0	132	9	1.4865012	EXP
191	0	265	10	1.4740883	EXP
192	0	641	1	3.4901066	EXP
192	0	735	2	1.6901712	EXP
192	0	647	3	1.570504	EXP
192	0	734	4	1.5534849	EXP
192	0	875	5	1.3237035	EXP
192	0	1202	6	0.9951122	EXP
192	0	46	7	0.860584	EXP
192	0	388	8	0.85144866	EXP
192	0	739	9	0.8396276	EXP
192	0	777	10	0.815521	EXP
193	0	1088	1	1.9084306	EXP
193	0	733	2	1.3957838	EXP
193	0	1392	3	1.3597965	EXP
193	0	730	4	1.3472098	EXP
193	0	641	5	1.3251845	EXP
193	0	734	6	1.24466	EXP
193	0	735	7	0.9266898	EXP
193	0	422	8	0.87304896	EXP
193	0	1387	9	0.85997826	EXP
193	0	703	10	0.7795066	EXP
194	0	642	1	3.340604	EXP
194	0	744	2	2.6688008	EXP
194	0	739	3	2.0122483	EXP
194	0	760	4	1.9671715	EXP
194	0	932	5	1.926823	EXP
194	0	740	6	1.8116273	EXP
194	0	1122	7	1.6890932	EXP
194	0	888	8	1.6606002	EXP
194	0	1051	9	1.576345	EXP
194	0	928	10	1.5605745	EXP
195	0	642	1	2.8671546	EXP
195	0	928	2	2.37447	EXP
195	0	744	3	2.283877	EXP
195	0	739	4	2.2529933	EXP
195	0	1055	5	2.230346	EXP
195	0	227	6	2.0902197	EXP
195	0	1122	7	1.8982317	EXP
195	0	1294	8	1.830559	EXP
195	0	1054	9	1.7966042	EXP
195	0	932	10	1.6941746	EXP
196	0	184	1	1.6982616	EXP
196	0	486	2	1.4033018	EXP
196	0	746	3	1.2586523	EXP
196	0	14	4	1.2418636	EXP
196	0	966	5	1.2136135	EXP
196	0	781	6	1.1044407	EXP
196	0	1361	7	1.0866711	EXP
196	0	875	8	1.0821137	EXP
196	0	499	9	1.0551751	EXP
196	0	57	10	0.97967166	EXP
197	0	881	1	2.414502	EXP
197	0	884	2	2.174069	EXP
197	0	1168	3	1.593683	EXP
197	0	726	4	1.4200628	EXP
197	0	768	5	1.4091542	EXP
197	0	723	6	1.332622	EXP
197	0	640	7	1.2480316	EXP
197	0	261	8	1.2217159	EXP
197	0	746	9	1.2208961	EXP
197	0	767	10	0.9340255	EXP
198	0	440	1	1.4636098	EXP
198	0	551	2	1.4159751	EXP
198	0	889	3	1.28973	EXP
198	0	798	4	1.2614117	EXP
198	0	1088	5	1.1944281	EXP
198	0	739	6	1.0877042	EXP
198	0	826	7	1.0420138	EXP
198	0	743	8	0.9967759	EXP
198	0	1214	9	0.9751159	EXP
198	0	1051	10	0.8731534	EXP
199	0	1294	1	1.6069762	EXP
199	0	739	2	1.4729104	EXP
199	0	454	3	1.349586	EXP
199	0	638	4	1.2307744	EXP
199	0	930	5	1.1928308	EXP
199	0	744	6	1.1261165	EXP
199	0	1055	7	1.1098325	EXP
199	0	515	8	1.0831833	EXP
199	0	1362	9	1.0619379	EXP
199	0	827	10	1.0403162	EXP
200	0	1134	1	2.6616511	EXP
200	0	1071	2	2.222697	EXP
200	0	128	3	1.5334556	EXP
200	0	1136	4	1.4819674	EXP
200	0	1375	5	1.4773811	EXP
200	0	1386	6	1.4491167	EXP
200	0	940	7	1.3820022	EXP
200	0	1053	8	1.2312119	EXP
200	0	461	9	1.1772296	EXP
200	0	232	10	1.1653771	EXP
201	0	625	1	3.184383	EXP
201	0	1296	2	1.7000843	EXP
201	0	972	3	1.6851728	EXP
201	0	82	4	1.6434827	EXP
201	0	274	5	1.549452	EXP
201	0	1217	6	1.54469	EXP
201	0	1297	7	1.4136524	EXP
201	0	1219	8	1.400137	EXP
201	0	401	9	1.3690192	EXP
201	0	1379	10	1.360781	EXP
202	0	1310	1	1.8634611	EXP
202	0	1285	2	1.7977183	EXP
202	0	923	3	1.4205428	EXP
202	0	927	4	1.3694873	EXP
202	0	225	5	1.1245472	EXP
202	0	836	6	1.083972	EXP
202	0	820	7	1.056634	EXP
202	0	979	8	0.95311445	EXP
202	0	232	9	0.95302516	EXP
202	0	234	10	0.94869715	EXP
203	0	923	1	1.675832	EXP
203	0	58	2	1.059084	EXP
203	0	225	3	1.0224221	EXP
203	0	482	4	0.9002642	EXP
203	0	1310	5	0.8911184	EXP
203	0	1285	6	0.8435235	EXP
203	0	1088	7	0.795122	EXP
203	0	927	8	0.78638625	EXP
203	0	677	9	0.765265	EXP
203	0	814	10	0.7270049	EXP
204	0	147	1	1.3906081	EXP
204	0	937	2	1.0907726	EXP
204	0	1236	3	1.08684	EXP
204	0	802	4	1.0844579	EXP
204	0	57	5	0.55959463	EXP
204	0	971	6	0.53295714	EXP
204	0	573	7	0.52062196	EXP
204	0	927	8	0.48051873	EXP
204	0	329	9	0.4800591	EXP
204	0	310	10	0.46010968	EXP
205	0	1287	1	1.780682	EXP
205	0	131	2	1.3455015	EXP
205	0	1017	3	1.2731614	EXP
205	0	1069	4	1.2716225	EXP
205	0	827	5	1.0721529	EXP
205	0	1323	6	0.9883808	EXP
205	0	42	7	0.8702221	EXP
205	0	962	8	0.82544434	EXP
205	0	236	9	0.8036875	EXP
205	0	667	10	0.78034985	EXP
206	0	1290	1	6.3790994	EXP
206	0	205	2	1.8888391	EXP
206	0	1338	3	1.7182136	EXP
206	0	252	4	1.5575101	EXP
206	0	1095	5	1.515456	EXP
206	0	1341	6	1.5027685	EXP
206	0	878	7	1.4979104	EXP
206	0	110	8	1.4747913	EXP
206	0	204	9	1.4371583	EXP
206	0	441	10	1.4023225	EXP
207	0	859	1	1.6494429	EXP
207	0	266	2	1.4453591	EXP
207	0	948	3	1.2462212	EXP
207	0	766	4	1.0780839	EXP
207	0	39	5	1.0130599	EXP
207	0	1290	6	0.9682807	EXP
207	0	1040	7	0.9299389	EXP
207	0	42	8	0.9275756	EXP
207	0	640	9	0.9270651	EXP
207	0	1341	10	0.9196856	EXP
208	0	1291	1	6.526928	EXP
208	0	1344	2	4.3100724	EXP
208	0	163	3	3.415028	EXP
208	0	1217	4	2.110499	EXP
208	0	368	5	1.7294576	EXP
208	0	164	6	1.6661505	EXP
208	0	1219	7	1.6362835	EXP
208	0	991	8	1.6007324	EXP
208	0	566	9	1.5737699	EXP
208	0	274	10	1.5097213	EXP
209	0	187	1	1.604658	EXP
209	0	959	2	1.5198888	EXP
209	0	455	3	1.4491841	EXP
209	0	651	4	1.372871	EXP
209	0	89	5	1.2546965	EXP
209	0	450	6	1.2130104	EXP
209	0	798	7	1.1631197	EXP
209	0	240	8	1.1326978	EXP
209	0	53	9	1.1233493	EXP
209	0	417	10	1.1009858	EXP
210	0	1172	1	4.2066236	EXP
210	0	1171	2	2.5195525	EXP
210	0	1145	3	2.0459886	EXP
210	0	739	4	1.8151323	EXP
210	0	1125	5	1.6625273	EXP
210	0	938	6	1.5869364	EXP
210	0	887	7	1.4790045	EXP
210	0	889	8	1.4141713	EXP
210	0	51	9	1.3298469	EXP
210	0	743	10	1.3231634	EXP
211	0	739	1	2.399184	EXP
211	0	744	2	1.0406122	EXP
211	0	388	3	1.033826	EXP
211	0	889	4	1.0226271	EXP
211	0	743	5	0.96362734	EXP
211	0	195	6	0.93771994	EXP
211	0	887	7	0.93156946	EXP
211	0	1333	8	0.8734591	EXP
211	0	46	9	0.860584	EXP
211	0	1051	10	0.8423394	EXP
212	0	1178	1	3.0640478	EXP
212	0	888	2	2.4872289	EXP
212	0	838	3	2.3892539	EXP
212	0	1177	4	2.091073	EXP
212	0	1176	5	2.0550392	EXP
212	0	1129	6	1.837838	EXP
212	0	1133	7	1.8107795	EXP
212	0	1130	8	1.7433302	EXP
212	0	1070	9	1.6914434	EXP
212	0	1121	10	1.6514033	EXP
213	0	769	1	1.775395	EXP
213	0	891	2	1.683994	EXP
213	0	885	3	1.6520655	EXP
213	0	888	4	1.5037155	EXP
213	0	887	5	1.3372011	EXP
213	0	741	6	1.2005413	EXP
213	0	1173	7	1.1921108	EXP
213	0	890	8	0.9706536	EXP
213	0	696	9	0.9553124	EXP
213	0	642	10	0.94566303	EXP
214	0	1294	1	4.12495	EXP
214	0	1362	2	2.6286883	EXP
214	0	828	3	1.7459812	EXP
214	0	378	4	1.4191167	EXP
214	0	739	5	1.3357373	EXP
214	0	777	6	1.2213173	EXP
214	0	827	7	1.1727537	EXP
214	0	47	8	1.1593137	EXP
214	0	1055	9	1.1098325	EXP
214	0	92	10	1.0887656	EXP
215	0	535	1	2.352208	EXP
215	0	985	2	1.8533361	EXP
215	0	625	3	1.6265061	EXP
215	0	68	4	1.5625472	EXP
215	0	1205	5	1.3290999	EXP
215	0	357	6	1.315656	EXP
215	0	986	7	1.2927499	EXP
215	0	1153	8	1.2437267	EXP
215	0	25	9	1.2280017	EXP
215	0	695	10	1.1901104	EXP
216	0	764	1	1.3718145	EXP
216	0	1225	2	1.1589502	EXP
216	0	407	3	1.1372674	EXP
216	0	1220	4	1.1218891	EXP
216	0	117	5	1.1194401	EXP
216	0	1206	6	0.9538655	EXP
216	0	1269	7	0.9198137	EXP
216	0	1077	8	0.88653314	EXP
216	0	361	9	0.86762464	EXP
216	0	1040	10	0.85283947	EXP
217	0	1143	1	1.3866506	EXP
217	0	324	2	1.3497144	EXP
217	0	323	3	1.1079751	EXP
217	0	900	4	1.0571687	EXP
217	0	946	5	0.9975863	EXP
217	0	25	6	0.9726209	EXP
217	0	65	7	0.9421608	EXP
217	0	1393	8	0.82390964	EXP
217	0	1151	9	0.8013292	EXP
217	0	1364	10	0.73361605	EXP
218	0	323	1	1.0846406	EXP
218	0	324	2	1.0327351	EXP
218	0	1281	3	0.92602307	EXP
218	0	499	4	0.9049316	EXP
218	0	1147	5	0.86434245	EXP
218	0	65	6	0.84608746	EXP
218	0	966	7	0.83228946	EXP
218	0	1237	8	0.7297977	EXP
218	0	1393	9	0.70924056	EXP
218	0	128	10	0.7050223	EXP
219	0	342	1	0.8534739	EXP
219	0	992	2	0.83705133	EXP
219	0	809	3	0.8181673	EXP
219	0	1082	4	0.76115847	EXP
219	0	456	5	0.75297356	EXP
219	0	660	6	0.7509339	EXP
219	0	1221	7	0.7172588	EXP
219	0	149	8	0.6991803	EXP
219	0	268	9	0.6557396	EXP
219	0	33	10	0.6412213	EXP
220	0	232	1	1.4767829	EXP
220	0	234	2	1.464627	EXP
220	0	249	3	1.3436624	EXP
220	0	231	4	1.2811368	EXP
220	0	433	5	1.2546755	EXP
220	0	704	6	1.2064555	EXP
220	0	292	7	1.188223	EXP
220	0	1375	8	1.1786723	EXP
220	0	1242	9	1.177474	EXP
220	0	691	10	1.1347692	EXP
221	0	388	1	1.6817784	EXP
221	0	1366	2	1.5419865	EXP
221	0	1386	3	1.4406232	EXP
221	0	234	4	1.3096267	EXP
221	0	739	5	1.0543153	EXP
221	0	49	6	0.99591756	EXP
221	0	54	7	0.9865959	EXP
221	0	62	8	0.94902354	EXP
221	0	46	9	0.91132045	EXP
221	0	266	10	0.8590016	EXP
222	0	1130	1	1.763826	EXP
222	0	419	2	1.4072188	EXP
222	0	1399	3	1.2213124	EXP
222	0	1070	4	1.1138806	EXP
222	0	1178	5	1.0532179	EXP
222	0	888	6	0.9814138	EXP
222	0	1400	7	0.9630054	EXP
222	0	400	8	0.8783117	EXP
222	0	1359	9	0.86251074	EXP
222	0	1129	10	0.7955402	EXP
223	0	1051	1	1.7535479	EXP
223	0	388	2	1.7420094	EXP
223	0	839	3	1.7162591	EXP
223	0	400	4	1.7100818	EXP
223	0	1008	5	1.3730694	EXP
223	0	1387	6	1.3409343	EXP
223	0	1398	7	1.3313619	EXP
223	0	1400	8	1.3107743	EXP
223	0	419	9	1.2762547	EXP
223	0	484	10	1.2170919	EXP
224	0	1286	1	2.3403246	EXP
224	0	1312	2	2.1226962	EXP
224	0	236	3	1.8838669	EXP
224	0	317	4	1.7685132	EXP
224	0	401	5	1.7056931	EXP
224	0	1298	6	1.5895989	EXP
224	0	1296	7	1.5792636	EXP
224	0	259	8	1.4398651	EXP
224	0	349	9	1.3368467	EXP
224	0	140	10	1.2352623	EXP
225	0	1188	1	3.1781764	EXP
225	0	1380	2	2.116841	EXP
225	0	1291	3	1.5887475	EXP
225	0	893	4	1.1709275	EXP
225	0	1344	5	1.169727	EXP
225	0	638	6	1.1619306	EXP
225	0	225	7	1.1460203	EXP
225	0	1218	8	1.0879384	EXP
225	0	748	9	1.0846535	EXP
225	0	1000	10	1.0680271	EXP
